20220923 17700000 98 light		
20220914 27600000 89 light		
20220925 19380000 83 light		
20220927 12600000 95 light		
20220929 22560000 92 wake		
20220920 22020000 89 wake		
20220917 25080000 91 wake		
20220919 21960000 92 wake		
20220921 13200000 99 wake		
20220930 11100000 100 wake		
20220911 14820000 92 wake		
20220926 26400000 92 light		
20220908 26640000 96 wake		
20220905 36840000 88 light		
20220912 4020000 97 asleep		
20220913 14040000 88 light		
20220904 25020000 91 wake		
20220906 21600000 95 wake		
20220907 19620000 94 wake		
20220909 30120000 88 wake		
20220915 16020000 86 wake		
20220928 19980000 90 wake		
20220910 32340000 94 wake		
20220903 8880000 89 asleep		
20220916 21720000 94 wake		
20220922 24300000 92 wake		
20220924 17220000 98 wake		
20220918 3840000 81 restless		
20220902 19320000 89 light		
20220901 24420000 87 wake		
